1 7 4
3 4 7
4 3 4
5 6 9
1 8 1
2 3 2
3 4 6
1 3 6
9 7 1
1 2 4
3 4 9
4 9 8
6 8 2
1 8 6
1 4 1
11 1 7
1 4 7
7 2 5
5 6 3
2 4 3
2 5 9
1 8 6
3 1 5
2 6 9
1 4 8
2 2 1
7 5 9
6 3 6
1 2 5
1 3 8
12 7 3
1 1 8
2 1 9
20 9 5
1 1 7
5 5 3
1 8 7
2 8 3
2 6 5
1 6 4
18 3 2
1 4 2
1 7 9
1 1 9
1 6 1
8 5 2
1 1 6
19 5 2
5 2 6
2 9 7
20 2 1
1 9 4
8 6 2
5 1 3
27 2 1
34 1 7
1 2 6
2 3 1
1 4 9
1 2 6
2 1 7
1 6 7
1 9 3
2 6 3
1 6 4
5 3 4
5 4 2
4 1 4
4 1 4
2 3 6
1 6 9
25 7 5
1 6 4
17 5 2
14 7 6
1 7 3
1 9 3
10 2 3
2 2 9
12 3 5
18 5 8
1 4 2
5 2 1
1 5 3
3 2 1
1 2 7
2 2 6
9 6 7
16 8 2
6 7 3
2 8 9
1 1 8
16 2 6
1 8 3
2 1 2
1 9 3
7 4 1
7 3 7
9 7 8
1 5 6
2 9 7
1 9 5
11 6 8
1 3 1
1 4 2
2 8 5
3 5 8
2 1 9
5 1 4
3 4 1
1 3 2
3 2 1
1 9 1
1 2 5
2 4 7
20 8 5
1 9 7
11 6 1
17 1 5
1 8 2
7 5 8
1 4 5
2 1 2
2 8 4
4 7 6
2 6 8
2 1 2
1 1 4
4 8 9
2 1 9
3 8 1
25 5 2
23 2 1
1 7 1
6 9 8
6 8 3
3 6 2
10 1 2
1 6 3
2 3 6
2 3 2
2 6 8
1 4 6
14 1 9
2 3 4
14 2 4
1 6 9
17 4 3
1 8 6
2 7 2
1 4 2
1 5 9
9 2 4
17 3 7
3 4 2
1 8 3
4 5 7
1 3 6
1 4 5
14 7 9
2 1 9
3 2 1
1 2 5
1 3 7
4 1 2
2 6 7
3 9 8
4 2 4
17 9 7
1 2 8
8 9 6
1 8 2
19 7 9
9 4 2
5 7 3
3 5 9
6 2 5
1 9 4
3 2 9
25 9 5
1 3 6
2 5 8
6 6 7
1 3 4
2 3 4
1 8 2
2 2 9
2 8 3
5 7 6
3 7 9
7 5 8
2 3 5
1 3 5
1 6 2
6 9 5
1 9 2
1 6 9
2 5 6
2 9 8
11 8 1
2 5 9
3 6 5
1 4 7
5 5 7
1 4 8
7 7 2
12 5 2
10 1 8
1 9 6
3 8 1
1 1 6
10 2 3
8 8 7
1 9 8
2 3 5
14 5 8
1 3 2
3 8 1
3 8 4
3 2 4
5 6 4
8 7 9
6 8 7
1 5 7
6 2 9
4 4 6
4 4 9
3 9 3
1 8 6
1 5 6
2 7 2
1 3 4
3 4 1
3 4 3
5 6 4
4 3 8
1 6 4
8 3 2
2 8 5
11 9 7
9 1 9
2 7 3
1 6 8
1 6 5
5 9 8
3 9 7
2 9 1
2 3 7
12 7 1
2 8 9
5 4 5
4 9 4
1 1 3
7 1 3
7 5 6
1 9 1
1 5 1
5 7 8
4 6 7
5 1 8
1 4 3
12 8 7
2 2 4
2 8 9
3 8 2
2 6 7
4 7 8
1 6 8
4 3 2
15 7 8
1 7 6
3 3 5
2 3 4
5 2 5
3 1 5
4 5 6
4 5 9
1 5 7
4 9 4
2 2 9
2 5 2
2 2 1
3 4 9
2 9 4
2 8 5
2 5 2
8 2 4
2 1 3
2 3 5
3 6 9
2 6 1
2 1 4
1 2 4
1 5 7
2 2 7
18 4 2
1 5 9
2 7 9
18 8 4
1 7 8
22 4 8
6 2 6
3 6 8
3 6 4
3 4 7
3 7 1
14 2 3
10 3 2
27 8 1
1 7 6
1 3 7
2 2 8
2 9 8
18 1 4
6 1 5
10 4 7
1 3 7
4 7 2
3 9 7
1 6 5
1 2 7
2 5 6
2 6 5
3 5 1
6 1 3
4 5 9
11 2 9
2 1 6
3 4 6
5 7 3
2 6 1
2 1 5
1 8 2
1 1 8
1 6 4
2 4 5
4 5 9
11 3 6
1 3 6
8 6 5
1 3 5
4 4 8
21 9 6
2 9 5
1 9 3
1 2 6
7 8 6
12 6 5
1 8 2
10 6 7
15 7 2
2 7 3
13 6 8
9 5 1
12 5 3
1 2 3
1 9 7
9 3 4
3 4 6
1 7 6
6 4 1
2 5 2
6 1 8
9 8 6
7 3 2
1 2 9
9 6 1
13 1 7
4 8 5
2 7 1
3 6 4
3 5 8
3 2 6
1 5 3
1 3 4
1 9 8
3 8 7
12 2 9
10 7 4
5 8 4
1 8 5
11 4 7
8 9 7
1 6 2
8 2 6
1 5 8
4 1 5
4 9 6
3 1 3
2 8 4
1 7 6
1 2 7
2 3 7
4 4 9
11 6 9
10 7 8
1 3 4
1 6 4
4 5 7
6 7 4
1 8 7
4 6 7
12 4 8
12 8 1
1 8 2
10 1 7
2 4 1
8 8 3
4 1 6
8 7 6
2 6 5
2 5 2
13 9 3
3 2 5
8 3 4
7 6 7
1 9 2
1 9 1
2 6 4
3 4 8
1 1 7
4 4 6
3 8 7
1 2 9
1 5 2
1 2 5
2 4 5
1 7 2
13 3 4
7 4 3
4 5 9
1 4 7
5 6 3
3 9 7
10 7 8
3 4 8
1 5 4
2 3 1
3 7 4
4 8 6
2 9 3
2 4 5
4 4 3
8 8 3
3 6 8
1 2 6
5 7 9
1 4 3
3 7 5
3 8 4
7 7 5
3 7 8
1 9 8
3 4 1
1 5 8
3 7 1
6 8 3
3 9 5
2 6 5
2 1 6
16 3 8
4 5 8
4 3 8
1 9 5
1 6 5
3 3 7
6 1 6
1 5 4
3 5 2
2 7 4
1 2 8
6 8 1
2 4 5
2 2 3
7 8 7
1 4 6
3 6 4
3 4 9
3 6 3
11 8 6
12 5 4
5 6 1
9 3 2
7 6 1
7 7 8
5 8 3
2 3 6
2 8 1
1 7 2
7 3 8
1 9 1
14 1 3
9 2 8
11 3 4
22 4 1
2 3 1
16 8 4
1 9 2
3 6 9
3 9 5
1 2 6
1 5 7